[gd_scene load_steps=17 format=3 uid="uid://c8j6siaq26ldw"]

[ext_resource type="Script" path="res://scripts/Game.cs" id="1_hq5p7"]
[ext_resource type="PackedScene" uid="uid://crqwm7jgssth5" path="res://scenes/Puppet.tscn" id="1_mp2fq"]
[ext_resource type="PackedScene" uid="uid://d34b6sxrj03io" path="res://scenes/Floor.tscn" id="3_gf1oa"]
[ext_resource type="Material" uid="uid://c78gakcmmwffp" path="res://assets/Materials/Concrete1/concrete1.tres" id="4_v0qps"]
[ext_resource type="PackedScene" uid="uid://dx4dpu6q46pd5" path="res://scenes/ConcreteCube.tscn" id="5_vr8ur"]
[ext_resource type="Texture2D" uid="uid://dw0nu518o8bbc" path="res://assets/Textures/UI/Previews/cube_outline.png" id="7_4lvjy"]
[ext_resource type="Script" path="res://scripts/InventoryItem.cs" id="7_r27gv"]
[ext_resource type="PackedScene" uid="uid://brf3hs0aqy1bf" path="res://scenes/inventory items/plasmapistol.tscn" id="9_8yyp4"]
[ext_resource type="PackedScene" uid="uid://cjea8f4ie2ca0" path="res://scenes/inventory items/bigpistol.tscn" id="9_a8vi3"]

[sub_resource type="CylinderMesh" id="CylinderMesh_rneq0"]

[sub_resource type="CylinderShape3D" id="CylinderShape3D_g56o3"]
radius = 0.453627

[sub_resource type="ProceduralSkyMaterial" id="ProceduralSkyMaterial_pgsin"]
sky_horizon_color = Color(0.64625, 0.65575, 0.67075, 1)
ground_horizon_color = Color(0.64625, 0.65575, 0.67075, 1)

[sub_resource type="Sky" id="Sky_qf1u1"]
sky_material = SubResource("ProceduralSkyMaterial_pgsin")

[sub_resource type="Environment" id="Environment_niin6"]
background_mode = 2
sky = SubResource("Sky_qf1u1")
tonemap_mode = 2
glow_enabled = true

[sub_resource type="BoxShape3D" id="BoxShape3D_fufrb"]
size = Vector3(0.5, 0.5, 0.5)

[sub_resource type="BoxMesh" id="BoxMesh_2quy0"]
size = Vector3(0.5, 0.5, 0.5)

[node name="Game" type="Node3D"]
script = ExtResource("1_hq5p7")

[node name="Environment" type="Node" parent="."]

[node name="floor2" parent="Environment" instance=ExtResource("3_gf1oa")]
transform = Transform3D(-1, -8.74228e-08, 0, 8.74228e-08, -1, 0, 0, 0, 1, -19.273, -1.25719, -2.1882)
material_override = ExtResource("4_v0qps")
skeleton = NodePath("../floor")

[node name="floor6" parent="Environment" instance=ExtResource("3_gf1oa")]
transform = Transform3D(-0.323967, 0.649912, 0.687503, -0.946068, -0.222553, -0.235425, 3.17648e-08, -0.726695, 0.686961, -9.91349, 0.708831, -10.4562)
material_override = ExtResource("4_v0qps")
skeleton = NodePath("../floor")

[node name="floor3" parent="Environment" instance=ExtResource("3_gf1oa")]
transform = Transform3D(1, 0, 0, 0, -4.37114e-08, 1, 0, -1, -4.37114e-08, 0, -9.65719, 9.79471)
material_override = ExtResource("4_v0qps")
skeleton = NodePath("../floor")

[node name="floor7" parent="Environment" instance=ExtResource("3_gf1oa")]
transform = Transform3D(1, 0, 0, 0, -1, -8.74228e-08, 0, 8.74228e-08, -1, 0, -0.433797, 10.7927)
material_override = ExtResource("4_v0qps")
skeleton = NodePath("../floor")

[node name="floor22" parent="Environment" instance=ExtResource("3_gf1oa")]
transform = Transform3D(1, 0, 0, 0, -1, -8.74228e-08, 0, 8.74228e-08, -1, 11.1251, 1.22299, 22.5315)
material_override = ExtResource("4_v0qps")
skeleton = NodePath("../floor")

[node name="floor23" parent="Environment" instance=ExtResource("3_gf1oa")]
transform = Transform3D(1, 0, 0, 0, -1, -8.74228e-08, 0, 8.74228e-08, -1, 11.1251, 2.70295, 22.5315)
material_override = ExtResource("4_v0qps")
skeleton = NodePath("../floor")

[node name="floor24" parent="Environment" instance=ExtResource("3_gf1oa")]
transform = Transform3D(1, 0, 0, 0, -1, -8.74228e-08, 0, 8.74228e-08, -1, 11.1251, 4.10635, 22.5315)
material_override = ExtResource("4_v0qps")
skeleton = NodePath("../floor")

[node name="floor25" parent="Environment" instance=ExtResource("3_gf1oa")]
transform = Transform3D(1, 0, 0, 0, -1, -8.74228e-08, 0, 8.74228e-08, -1, 4.01993, 4.10635, 26.6291)
material_override = ExtResource("4_v0qps")
skeleton = NodePath("../floor")

[node name="floor8" parent="Environment" instance=ExtResource("3_gf1oa")]
transform = Transform3D(1, 0, 0, 0, -1, -8.74228e-08, 0, 8.74228e-08, -1, 0.0439324, -0.641028, 30.3427)
material_override = ExtResource("4_v0qps")
skeleton = NodePath("../floor")

[node name="floor11" parent="Environment" instance=ExtResource("3_gf1oa")]
transform = Transform3D(-4.37114e-08, 1, 8.74228e-08, 1, 4.37114e-08, 3.82137e-15, 0, 8.74228e-08, -1, -9.19689, -10.4592, 30.3427)
material_override = ExtResource("4_v0qps")
skeleton = NodePath("../floor")

[node name="floor15" parent="Environment" instance=ExtResource("3_gf1oa")]
transform = Transform3D(1, 1.06581e-14, -1.53257e-21, 9.23019e-15, -0.866025, -0.5, -5.32905e-15, 0.5, -0.866025, -37.7939, 1.67203, 30.3427)
material_override = ExtResource("4_v0qps")
skeleton = NodePath("../floor")

[node name="floor27" parent="Environment" instance=ExtResource("3_gf1oa")]
transform = Transform3D(0.707107, -0.683013, -0.183013, -0.683013, -0.592752, -0.426777, 0.183013, 0.426777, -0.885646, -37.7939, 1.67203, 30.3427)
material_override = ExtResource("4_v0qps")
skeleton = NodePath("../floor")

[node name="floor28" parent="Environment" instance=ExtResource("3_gf1oa")]
transform = Transform3D(1, 1.06581e-14, -1.95634e-21, 9.23018e-15, -0.866025, 0.5, 5.32905e-15, -0.5, -0.866025, -37.7939, 1.67203, 30.3427)
material_override = ExtResource("4_v0qps")
skeleton = NodePath("../floor")

[node name="floor29" parent="Environment" instance=ExtResource("3_gf1oa")]
transform = Transform3D(0.707107, -0.683013, 0.183013, -0.683013, -0.592752, 0.426777, -0.183013, -0.426777, -0.885646, -37.7939, 1.67203, 30.3427)
material_override = ExtResource("4_v0qps")
skeleton = NodePath("../floor")

[node name="floor12" parent="Environment" instance=ExtResource("3_gf1oa")]
transform = Transform3D(-1, -8.74228e-08, -7.64274e-15, -8.74228e-08, 1, 8.74228e-08, 0, 8.74228e-08, -1, -18.8508, -14.843, 30.7882)
material_override = ExtResource("4_v0qps")
skeleton = NodePath("../floor")

[node name="floor13" parent="Environment" instance=ExtResource("3_gf1oa")]
transform = Transform3D(-1, -8.74228e-08, -7.64274e-15, -6.18172e-08, 0.707107, 0.707107, -6.18172e-08, 0.707107, -0.707107, -19.1565, -8.08982, 14.7126)
material_override = ExtResource("4_v0qps")
skeleton = NodePath("../floor")

[node name="floor9" parent="Environment" instance=ExtResource("3_gf1oa")]
transform = Transform3D(1, 0, 0, 0, -0.707107, -0.707107, 0, 0.707107, -0.707107, 0.355795, -0.641028, 39.9058)
material_override = ExtResource("4_v0qps")
skeleton = NodePath("../floor")

[node name="floor10" parent="Environment" instance=ExtResource("3_gf1oa")]
transform = Transform3D(1, 0, 0, 0, -0.339854, -0.940478, 0, 0.940478, -0.339854, 0.355795, 9.54075, 48.077)
material_override = ExtResource("4_v0qps")
skeleton = NodePath("../floor")

[node name="floor4" parent="Environment" instance=ExtResource("3_gf1oa")]
transform = Transform3D(0.691463, -0.722412, 3.15776e-08, 0, -4.37114e-08, -1, 0.722412, 0.691463, -3.02248e-08, 10.0404, 0, -3.26973)
material_override = ExtResource("4_v0qps")
skeleton = NodePath("../floor")

[node name="CollisionShape3D" parent="Environment/floor4/StaticBody3D" index="0"]
transform = Transform3D(1, 0, 0, 0, 1, 0, 0, -5.32907e-15, 1, 0, 0, 0.00687575)

[node name="floor5" parent="Environment" instance=ExtResource("3_gf1oa")]
transform = Transform3D(-1, 8.74228e-08, 3.82137e-15, 0, -4.37114e-08, 1, 8.74228e-08, 1, 4.37114e-08, 0.0198584, -1.10916, -9.46067)
material_override = ExtResource("4_v0qps")
skeleton = NodePath("../floor")

[node name="floor16" parent="Environment" instance=ExtResource("3_gf1oa")]
transform = Transform3D(-1, 8.74228e-08, 3.82137e-15, 0, -4.37114e-08, 1, 8.74228e-08, 1, 4.37114e-08, -49.3568, 0.032558, -57.1602)
material_override = ExtResource("4_v0qps")
skeleton = NodePath("../floor")

[node name="floor17" parent="Environment" instance=ExtResource("3_gf1oa")]
transform = Transform3D(0.555585, -0.83146, -3.63443e-08, 0, -4.37114e-08, 1, -0.83146, -0.555585, -2.42854e-08, -58.9525, 0.032558, -52.3518)
material_override = ExtResource("4_v0qps")
skeleton = NodePath("../floor")

[node name="floor30" parent="Environment" instance=ExtResource("3_gf1oa")]
transform = Transform3D(-0.830761, 0.14572, 0.537217, 0.122365, 0.989326, -0.0791281, -0.543013, 6.42693e-08, -0.839724, -58.9525, 0.032558, -52.3518)
material_override = ExtResource("4_v0qps")
skeleton = NodePath("../floor")

[node name="floor" parent="Environment" instance=ExtResource("3_gf1oa")]
transform = Transform3D(1, 0, 0, 0, 1, 0, 0, 0, 1, -35.1897, 0, -10.4152)
material_override = ExtResource("4_v0qps")
skeleton = NodePath("../..")

[node name="floor18" parent="Environment" instance=ExtResource("3_gf1oa")]
transform = Transform3D(1, 0, 0, 0, 1, 0, 0, 0, 1, -30.9243, 0, 1.25758)
material_override = ExtResource("4_v0qps")
skeleton = NodePath("../..")

[node name="floor20" parent="Environment" instance=ExtResource("3_gf1oa")]
transform = Transform3D(0.8664, 0.49935, 0, -0.49935, 0.8664, 0, 0, 0, 1, -34.2699, 11.7985, 1.35206)
material_override = ExtResource("4_v0qps")
skeleton = NodePath("../..")

[node name="floor26" parent="Environment" instance=ExtResource("3_gf1oa")]
transform = Transform3D(-2.18557e-08, 0.5, 0.866025, -1, -4.37114e-08, 0, 3.78552e-08, -0.866025, 0.5, -34.2699, 11.7985, 1.35206)
material_override = ExtResource("4_v0qps")
skeleton = NodePath("../..")

[node name="floor21" parent="Environment" instance=ExtResource("3_gf1oa")]
transform = Transform3D(0.817205, -0.576347, 0, 0.576347, 0.817205, 0, 0, 0, 1, -34.2699, 11.7985, 1.35206)
material_override = ExtResource("4_v0qps")
skeleton = NodePath("../..")

[node name="floor19" parent="Environment" instance=ExtResource("3_gf1oa")]
transform = Transform3D(0.551675, -0.834059, 0, 0.834059, 0.551675, 0, 0, 0, 1, -30.9243, 0, 1.25758)
material_override = ExtResource("4_v0qps")
skeleton = NodePath("../..")

[node name="floor14" parent="Environment" instance=ExtResource("3_gf1oa")]
transform = Transform3D(1, 0, 0, 0, 1, 0, 0, 0, 1, -2.34981, -0.571066, -4.31084)
material_override = ExtResource("4_v0qps")
skeleton = NodePath("../..")

[node name="MeshInstance3D" type="MeshInstance3D" parent="Environment"]
transform = Transform3D(1, 0, 0, 0, 0.92685, 0.375432, 0, -0.375432, 0.92685, 2, 1.48551, -3)
material_override = ExtResource("4_v0qps")
mesh = SubResource("CylinderMesh_rneq0")
skeleton = NodePath("../..")

[node name="StaticBody3D" type="StaticBody3D" parent="Environment/MeshInstance3D"]

[node name="CollisionShape3D" type="CollisionShape3D" parent="Environment/MeshInstance3D/StaticBody3D"]
shape = SubResource("CylinderShape3D_g56o3")

[node name="concreteCube" parent="Environment" instance=ExtResource("5_vr8ur")]
transform = Transform3D(0.866025, -0.482963, -0.12941, 0.5, 0.836516, 0.224144, 0, -0.258819, 0.965926, -4, 4, -2)
mass = 3.47

[node name="WorldEnvironment" type="WorldEnvironment" parent="Environment"]
environment = SubResource("Environment_niin6")

[node name="DirectionalLight3D" type="DirectionalLight3D" parent="Environment"]
transform = Transform3D(-0.866025, -0.433013, 0.25, 0, 0.5, 0.866025, -0.5, 0.75, -0.433013, 0, 0, 0)
layers = 3
shadow_enabled = true

[node name="Puppet" parent="." instance=ExtResource("1_mp2fq")]
transform = Transform3D(1, 0, 0, 0, 1, 0, 0, 0, 1, 2.86633, 1.03686, 4.86188)

[node name="PickableBox" type="RigidBody3D" parent="."]
transform = Transform3D(1, 0, 0, 0, 1, 0, 0, 0, 1, -0.0849917, 5.49, 1.49628)
script = ExtResource("7_r27gv")
PreviewTexture = ExtResource("7_4lvjy")
EquipTime = 0.3
HolsterTime = 0.3

[node name="CollisionShape3D" type="CollisionShape3D" parent="PickableBox"]
shape = SubResource("BoxShape3D_fufrb")

[node name="MeshInstance3D" type="MeshInstance3D" parent="PickableBox"]
mesh = SubResource("BoxMesh_2quy0")

[node name="Plasmapistol" parent="." instance=ExtResource("9_8yyp4")]
transform = Transform3D(0.586078, -0.320348, 0.744237, -0.48202, 0.600462, 0.638046, -0.651283, -0.732682, 0.197503, 3.29269, 1.7159, 3.969)

[node name="Bigpistol" parent="." instance=ExtResource("9_a8vi3")]
transform = Transform3D(0.721386, 0.381832, -0.577761, -0.692534, 0.397739, -0.601831, 0, 0.834271, 0.551355, 2.5488, 1.72315, 3.45643)

[editable path="Environment/floor4"]
