[gd_scene load_steps=12 format=3 uid="uid://c8j6siaq26ldw"]

[ext_resource type="PackedScene" uid="uid://crqwm7jgssth5" path="res://scenes/Puppet.tscn" id="1_mp2fq"]
[ext_resource type="PackedScene" uid="uid://d34b6sxrj03io" path="res://scenes/Floor.tscn" id="3_gf1oa"]
[ext_resource type="Material" uid="uid://c78gakcmmwffp" path="res://assets/Materials/Concrete1/concrete1.tres" id="4_v0qps"]
[ext_resource type="PackedScene" uid="uid://dx4dpu6q46pd5" path="res://scenes/ConcreteCube.tscn" id="5_vr8ur"]
[ext_resource type="PackedScene" uid="uid://c8nipyrcq6f7m" path="res://scenes/MarkerStick.tscn" id="6_4yjwm"]
[ext_resource type="PackedScene" uid="uid://dgxe2rktqe3rv" path="res://scenes/MarkerSphere.tscn" id="7_66qk7"]

[sub_resource type="CylinderMesh" id="CylinderMesh_rneq0"]

[sub_resource type="CylinderShape3D" id="CylinderShape3D_g56o3"]
radius = 0.453627

[sub_resource type="ProceduralSkyMaterial" id="ProceduralSkyMaterial_pgsin"]
sky_horizon_color = Color(0.64625, 0.65575, 0.67075, 1)
ground_horizon_color = Color(0.64625, 0.65575, 0.67075, 1)

[sub_resource type="Sky" id="Sky_fkecw"]
sky_material = SubResource("ProceduralSkyMaterial_pgsin")

[sub_resource type="Environment" id="Environment_niin6"]
background_mode = 2
sky = SubResource("Sky_fkecw")
tonemap_mode = 2
glow_enabled = true

[node name="Game" type="Node3D"]

[node name="Puppet" parent="." node_paths=PackedStringArray("DebugLabel") instance=ExtResource("1_mp2fq")]
transform = Transform3D(1, 0, 0, 0, 1, 0, 0, 0, 1, 0.608037, 5.66435, 3.59934)
DebugLabel = NodePath("../DebugLabel")

[node name="Level" type="Node" parent="."]

[node name="floor2" parent="Level" instance=ExtResource("3_gf1oa")]
transform = Transform3D(-1, -8.74228e-08, 0, 8.74228e-08, -1, 0, 0, 0, 1, -19.273, -1.25719, -2.1882)
material_override = ExtResource("4_v0qps")
skeleton = NodePath("../floor")

[node name="floor6" parent="Level" instance=ExtResource("3_gf1oa")]
transform = Transform3D(-0.323967, 0.649912, 0.687503, -0.946068, -0.222553, -0.235425, 3.17648e-08, -0.726695, 0.686961, -9.91349, 0.708831, -10.4562)
material_override = ExtResource("4_v0qps")
skeleton = NodePath("../floor")

[node name="floor3" parent="Level" instance=ExtResource("3_gf1oa")]
transform = Transform3D(1, 0, 0, 0, -4.37114e-08, 1, 0, -1, -4.37114e-08, 0, -9.65719, 9.79471)
material_override = ExtResource("4_v0qps")
skeleton = NodePath("../floor")

[node name="floor7" parent="Level" instance=ExtResource("3_gf1oa")]
transform = Transform3D(1, 0, 0, 0, -1, -8.74228e-08, 0, 8.74228e-08, -1, 0, -0.433797, 10.7927)
material_override = ExtResource("4_v0qps")
skeleton = NodePath("../floor")

[node name="floor22" parent="Level" instance=ExtResource("3_gf1oa")]
transform = Transform3D(1, 0, 0, 0, -1, -8.74228e-08, 0, 8.74228e-08, -1, 11.1251, 1.22299, 22.5315)
material_override = ExtResource("4_v0qps")
skeleton = NodePath("../floor")

[node name="floor23" parent="Level" instance=ExtResource("3_gf1oa")]
transform = Transform3D(1, 0, 0, 0, -1, -8.74228e-08, 0, 8.74228e-08, -1, 11.1251, 2.70295, 22.5315)
material_override = ExtResource("4_v0qps")
skeleton = NodePath("../floor")

[node name="floor24" parent="Level" instance=ExtResource("3_gf1oa")]
transform = Transform3D(1, 0, 0, 0, -1, -8.74228e-08, 0, 8.74228e-08, -1, 11.1251, 4.10635, 22.5315)
material_override = ExtResource("4_v0qps")
skeleton = NodePath("../floor")

[node name="floor25" parent="Level" instance=ExtResource("3_gf1oa")]
transform = Transform3D(1, 0, 0, 0, -1, -8.74228e-08, 0, 8.74228e-08, -1, 4.01993, 4.10635, 26.6291)
material_override = ExtResource("4_v0qps")
skeleton = NodePath("../floor")

[node name="floor8" parent="Level" instance=ExtResource("3_gf1oa")]
transform = Transform3D(1, 0, 0, 0, -1, -8.74228e-08, 0, 8.74228e-08, -1, 0.0439324, -0.641028, 30.3427)
material_override = ExtResource("4_v0qps")
skeleton = NodePath("../floor")

[node name="floor11" parent="Level" instance=ExtResource("3_gf1oa")]
transform = Transform3D(-4.37114e-08, 1, 8.74228e-08, 1, 4.37114e-08, 3.82137e-15, 0, 8.74228e-08, -1, -9.19689, -10.4592, 30.3427)
material_override = ExtResource("4_v0qps")
skeleton = NodePath("../floor")

[node name="floor15" parent="Level" instance=ExtResource("3_gf1oa")]
transform = Transform3D(1, 1.06581e-14, -1.69407e-21, 1.06581e-14, -1, -8.74228e-08, 0, 8.74228e-08, -1, -37.7939, 1.67203, 30.3427)
material_override = ExtResource("4_v0qps")
skeleton = NodePath("../floor")

[node name="floor12" parent="Level" instance=ExtResource("3_gf1oa")]
transform = Transform3D(-1, -8.74228e-08, -7.64274e-15, -8.74228e-08, 1, 8.74228e-08, 0, 8.74228e-08, -1, -18.8508, -14.843, 30.7882)
material_override = ExtResource("4_v0qps")
skeleton = NodePath("../floor")

[node name="floor13" parent="Level" instance=ExtResource("3_gf1oa")]
transform = Transform3D(-1, -8.74228e-08, -7.64274e-15, -6.18172e-08, 0.707107, 0.707107, -6.18172e-08, 0.707107, -0.707107, -19.1565, -8.08982, 14.7126)
material_override = ExtResource("4_v0qps")
skeleton = NodePath("../floor")

[node name="floor9" parent="Level" instance=ExtResource("3_gf1oa")]
transform = Transform3D(1, 0, 0, 0, -0.707107, -0.707107, 0, 0.707107, -0.707107, 0.355795, -0.641028, 39.9058)
material_override = ExtResource("4_v0qps")
skeleton = NodePath("../floor")

[node name="floor10" parent="Level" instance=ExtResource("3_gf1oa")]
transform = Transform3D(1, 0, 0, 0, -0.339854, -0.940478, 0, 0.940478, -0.339854, 0.355795, 9.54075, 48.077)
material_override = ExtResource("4_v0qps")
skeleton = NodePath("../floor")

[node name="floor4" parent="Level" instance=ExtResource("3_gf1oa")]
transform = Transform3D(0.691463, -0.722412, 3.15776e-08, 0, -4.37114e-08, -1, 0.722412, 0.691463, -3.02248e-08, 10.0404, 0, -3.26973)
material_override = ExtResource("4_v0qps")
skeleton = NodePath("../floor")

[node name="floor5" parent="Level" instance=ExtResource("3_gf1oa")]
transform = Transform3D(-1, 8.74228e-08, 3.82137e-15, 0, -4.37114e-08, 1, 8.74228e-08, 1, 4.37114e-08, 0.0198584, -1.10916, -9.46067)
material_override = ExtResource("4_v0qps")
skeleton = NodePath("../floor")

[node name="floor16" parent="Level" instance=ExtResource("3_gf1oa")]
transform = Transform3D(-1, 8.74228e-08, 3.82137e-15, 0, -4.37114e-08, 1, 8.74228e-08, 1, 4.37114e-08, 14.1499, 0.032558, 14.2763)
material_override = ExtResource("4_v0qps")
skeleton = NodePath("../floor")

[node name="floor17" parent="Level" instance=ExtResource("3_gf1oa")]
transform = Transform3D(-4.37114e-08, -1, -4.37114e-08, 0, -4.37114e-08, 1, -1, 4.37114e-08, 1.91068e-15, 4.55416, 0.032558, 19.0847)
material_override = ExtResource("4_v0qps")
skeleton = NodePath("../floor")

[node name="floor" parent="Level" instance=ExtResource("3_gf1oa")]
transform = Transform3D(1, 0, 0, 0, 1, 0, 0, 0, 1, -35.1897, 0, -10.4152)
material_override = ExtResource("4_v0qps")
skeleton = NodePath("../..")

[node name="floor18" parent="Level" instance=ExtResource("3_gf1oa")]
transform = Transform3D(1, 0, 0, 0, 1, 0, 0, 0, 1, -30.9243, 0, 1.25758)
material_override = ExtResource("4_v0qps")
skeleton = NodePath("../..")

[node name="floor20" parent="Level" instance=ExtResource("3_gf1oa")]
transform = Transform3D(0.8664, 0.49935, 0, -0.49935, 0.8664, 0, 0, 0, 1, -34.2699, 11.7985, 1.35206)
material_override = ExtResource("4_v0qps")
skeleton = NodePath("../..")

[node name="floor21" parent="Level" instance=ExtResource("3_gf1oa")]
transform = Transform3D(0.817205, -0.576347, 0, 0.576347, 0.817205, 0, 0, 0, 1, -34.2699, 11.7985, 1.35206)
material_override = ExtResource("4_v0qps")
skeleton = NodePath("../..")

[node name="floor19" parent="Level" instance=ExtResource("3_gf1oa")]
transform = Transform3D(0.551675, -0.834059, 0, 0.834059, 0.551675, 0, 0, 0, 1, -30.9243, 0, 1.25758)
material_override = ExtResource("4_v0qps")
skeleton = NodePath("../..")

[node name="floor14" parent="Level" instance=ExtResource("3_gf1oa")]
transform = Transform3D(1, 0, 0, 0, 1, 0, 0, 0, 1, -2.34981, -0.571066, -4.31084)
material_override = ExtResource("4_v0qps")
skeleton = NodePath("../..")

[node name="MeshInstance3D" type="MeshInstance3D" parent="Level"]
transform = Transform3D(1, 0, 0, 0, 0.92685, 0.375432, 0, -0.375432, 0.92685, 2, 1.48551, -3)
material_override = ExtResource("4_v0qps")
mesh = SubResource("CylinderMesh_rneq0")
skeleton = NodePath("../..")

[node name="StaticBody3D" type="StaticBody3D" parent="Level/MeshInstance3D"]

[node name="CollisionShape3D" type="CollisionShape3D" parent="Level/MeshInstance3D/StaticBody3D"]
shape = SubResource("CylinderShape3D_g56o3")

[node name="concreteCube" parent="Level" instance=ExtResource("5_vr8ur")]
transform = Transform3D(0.866025, -0.482963, -0.12941, 0.5, 0.836516, 0.224144, 0, -0.258819, 0.965926, -4, 4, -2)
mass = 3.47

[node name="WorldEnvironment" type="WorldEnvironment" parent="."]
environment = SubResource("Environment_niin6")

[node name="DirectionalLight3D" type="DirectionalLight3D" parent="."]
transform = Transform3D(-0.866025, -0.433013, 0.25, 0, 0.5, 0.866025, -0.5, 0.75, -0.433013, 0, 0, 0)
shadow_enabled = true

[node name="MarkerStick" parent="." instance=ExtResource("6_4yjwm")]
transform = Transform3D(1, 0, 0, 0, 1, 0, 0, 0, 1, 0, 2, 0)

[node name="Marker" parent="." instance=ExtResource("7_66qk7")]
transform = Transform3D(1, 0, 0, 0, 1, 0, 0, 0, 1, 0, 2, 0)

[node name="DebugLabel" type="Label" parent="."]
offset_left = 895.0
offset_top = 16.0
offset_right = 1137.0
offset_bottom = 65.0
text = "Speed=
..."
vertical_alignment = 2
